extrinsics:
- - - 0.21910217879275523
    - -0.5481977038998687
    - -0.8071390912892147
    - -10.664221507334856
  - - 0.9700643212930351
    - 0.033592512995627384
    - 0.24051352482744484
    - -49.09051857312432
  - - -0.10473513165385748
    - -0.8356738720993676
    - 0.5391472263564921
    - 201.02754421532904
- - - -0.8687726394917759
    - 0.0931461246207256
    - 0.4863721829408348
    - 74.06735316052382
  - - -0.4947228119510797
    - -0.20685685861953804
    - -0.8440732073566091
    - 2.8089683926904696
  - - 0.02198727372161407
    - -0.9739271222787651
    - 0.22579309175458415
    - 214.5750301108455
- - - 0.9126554967904736
    - 0.2643685695580301
    - 0.3117197517129366
    - -45.35815676974744
  - - -0.4065807920543113
    - 0.5091054727183706
    - 0.7586195866049685
    - 16.971264090930454
  - - 0.04185694339799202
    - -0.8190975992383606
    - 0.5721250905277027
    - 189.20664420219927
- - - 0.9071783403370262
    - -0.21322790877581163
    - -0.3627138234785834
    - -46.5835107670874
  - - 0.41937315402448966
    - 0.38865273888292984
    - 0.8204116078178982
    - -24.137930776348725
  - - -0.03396493054476081
    - -0.8963720809339677
    - 0.44199940725661424
    - 199.37346436058073
- - - -0.7901724609258735
    - 0.29475858647146863
    - 0.5373498466508487
    - 56.77539588119191
  - - -0.6128842011961672
    - -0.3809692627120905
    - -0.692268283826973
    - 49.155915816776115
  - - 0.0006617540971607166
    - -0.8763445649799789
    - 0.48168430066960544
    - 194.2728005315619
- - - -0.7877416234618235
    - 0.28197414935291815
    - 0.54768030251455
    - 59.71966047483878
  - - -0.6159046453597328
    - -0.3766372629352672
    - -0.6919579755974578
    - 48.95351148639516
  - - 0.01116254854557882
    - -0.8824029415552335
    - 0.4703620374186666
    - 196.62571575153416
- - - 0.2631149324094738
    - 0.5205118393713752
    - 0.8123041040259403
    - 37.43599462003346
  - - -0.9636279831912311
    - 0.10093264093805424
    - 0.24745446450624115
    - 41.58098663230867
  - - 0.04681498001664417
    - -0.8478679302034587
    - 0.528136658998922
    - 201.2577827712532
- - - 0.9822313217792255
    - 0.16150575475080978
    - 0.0955903849673542
    - -33.27805747256297
  - - -0.14005417006530285
    - 0.2917504864983911
    - 0.9461852266207031
    - 41.99907399578215
  - - 0.12492581784064861
    - -0.9427605978244546
    - 0.30918602042544174
    - 197.69919887878868
- - - 0.00573973696232856
    - -0.5542082985820593
    - -0.8323582264880806
    - 20.237039116749866
  - - 0.9988042817820942
    - -0.03723466610882485
    - 0.031679430763813334
    - -61.57468794990053
  - - -0.048549584069878436
    - -0.8315447921925454
    - 0.5533319044335853
    - 195.74590438480874
- - - 0.9985984745794287
    - -0.008265066389255206
    - -0.052275952838936816
    - -55.64280398745263
  - - -0.03800293556675679
    - 0.5754770222579231
    - -0.8169344978279853
    - -120.95274674940254
  - - 0.03683562753566812
    - 0.8177761830297672
    - 0.5743563797968283
    - 51.865519630364595
- - - -0.9861554588694257
    - 0.04546423312171786
    - -0.15946916457010216
    - 52.84873359410848
  - - 0.13937264309501057
    - -0.2938186907857617
    - -0.9456457282204851
    - -51.84241768969707
  - - -0.08984807899305933
    - -0.9547793359994734
    - 0.2834144354997853
    - 221.73981209113552
- - - 0.6411650503303788
    - 0.22603941940614314
    - 0.7333577292899943
    - 60.44707919540734
  - - -0.7562565898686797
    - 0.02382697506144018
    - 0.6538411470224375
    - 107.93161291706191
  - - 0.1303201769298913
    - -0.9738267074454033
    - 0.1862208241604751
    - 226.77407917595616
- - - 0.5478396808331962
    - 0.2700276794067161
    - 0.791805996730768
    - 87.51869328655945
  - - -0.8335913764551237
    - 0.09622025376741802
    - 0.5439366505987496
    - 60.48678107757193
  - - 0.07069017756544432
    - -0.9580327317577187
    - 0.2778060180712588
    - 224.8801644114195
- - - -0.3008009823340198
    - 0.41510965044788867
    - 0.8586051171125874
    - 59.68939432727031
  - - -0.9532657713127577
    - -0.10411802332351842
    - -0.2836261737969481
    - 27.46813405141552
  - - -0.02833969425350259
    - -0.9037939009111732
    - 0.4270286248079664
    - 213.21553351317013
- - - 0.9187747647806711
    - 0.3451853955621684
    - 0.19157237351145243
    - -22.905555645688658
  - - -0.3460980852929521
    - 0.470835190164081
    - 0.811498822586765
    - 0.5967318688840866
  - - 0.18991852716039734
    - -0.8118874715092868
    - 0.552059495568623
    - 178.63665069143173
poly_incident_angle_to_radius:
- 0.0
- 839.5529790933026
- -58.1715661628041
- 104.24622868850159
- -116.10239486693405
poly_radius_to_z:
- 840.179401088632
- 0.0
- -0.0009056489074323291
- 1.5149577993316824e-06
- -1.439257909396284e-09
principal_point:
- 2000.993607976063
- 1520.7378597578065
