extrinsics:
- - - -0.4540561998443619
    - 0.3255760474196803
    - -0.8293571032609984
    - -121.71863918138604
  - - -0.8902571754978551
    - -0.12847928511175574
    - 0.4369613653079106
    - 102.74908311381611
  - - 0.035708946462726834
    - 0.9367461292387336
    - 0.34818322834216464
    - 62.41281731123215
- - - -0.8788064021909028
    - -0.1555556927023946
    - 0.4511116645977566
    - 159.5560763899608
  - - 0.4760574538617117
    - -0.3505732681997098
    - 0.8065157681325756
    - 133.5534858891986
  - - 0.03268957159378021
    - 0.923526290958548
    - 0.38213947953249033
    - 71.10661813096335
- - - -0.7716965640833869
    - -0.17754432632524608
    - 0.610706496749142
    - 187.43358492206036
  - - 0.6032869654024341
    - 0.09960860812960173
    - 0.7912793201910475
    - 88.68770623047676
  - - -0.20131877795530542
    - 0.9790588017970104
    - 0.030242557206434977
    - 85.8716529812145
- - - -0.9933404942081274
    - -0.02171161063144536
    - 0.11315152906674114
    - 187.5630738204144
  - - 0.10422658367520982
    - -0.5879148431486281
    - 0.8021801271914673
    - 175.04154675999393
  - - 0.04910684088543614
    - 0.8086314013005634
    - 0.586262547847754
    - 178.4898425860938
- - - -0.910071079276624
    - 0.005819363237888867
    - -0.41441134839165
    - -11.933788203719773
  - - -0.31834115111913386
    - -0.6500806885371034
    - 0.6899666730323069
    - 81.53721284364366
  - - -0.26538564800762054
    - 0.7598429004752436
    - 0.5934721766257829
    - 155.6482212855664
- - - 0.3024984826440322
    - 0.851887133888591
    - 0.42753126097765043
    - 25.69099543097475
  - - -0.09188838783415405
    - 0.47252059354737624
    - -0.8765162935478583
    - -167.1539084853014
  - - -0.9487102783143535
    - 0.22585969049105886
    - 0.2212152979158195
    - 157.39004358784035
- - - 0.263374605324884
    - 0.8980004279746292
    - 0.35246141438084266
    - 30.93334905406374
  - - -0.21239941793067804
    - 0.410374348130478
    - -0.8868367277347023
    - -150.14666335673618
  - - -0.9410208842170668
    - 0.15870767389722443
    - 0.2988169501776322
    - 164.02257027550746
- - - 0.24189206914705358
    - 0.9160432159744684
    - 0.31992663745132394
    - 34.277605532518756
  - - -0.26617586338545746
    - 0.37971522086616005
    - -0.8859834991655146
    - -143.62172294517458
  - - -0.9330801876766879
    - 0.12915563289968082
    - 0.33567869437234105
    - 162.28457974309885
- - - 0.2895249962531823
    - 0.7326988841162562
    - 0.615895788067582
    - 71.07549010336096
  - - -0.21479231907787394
    - 0.6767780223814315
    - -0.7041560679896378
    - -128.67885145253172
  - - -0.9327590987011294
    - 0.07158109831702482
    - 0.3533222468993213
    - 166.1216387091451
- - - 0.304709648894583
    - 0.750281831497903
    - 0.5867104935099525
    - 59.875721732875554
  - - -0.24061743373582917
    - 0.6566626308706205
    - -0.7147709002194055
    - -121.81334673081656
  - - -0.9215504763456657
    - 0.0766248167516735
    - 0.3806223285684232
    - 164.18412564302173
- - - 0.30603240731721243
    - 0.7474397896308063
    - 0.5896422021432048
    - 61.092059211290085
  - - -0.24340616551334196
    - 0.6602031279446541
    - -0.7105527907496997
    - -129.11525579190786
  - - -0.9203790546626555
    - 0.07392963363057375
    - 0.3839750057093896
    - 164.19005016334955
- - - -0.0600154874997773
    - -0.1919791047275191
    - 0.9795622311053978
    - 194.74135346196508
  - - 0.9965306058688811
    - -0.0682108353711732
    - 0.04768682736948975
    - -54.3406382435364
  - - 0.057661883656058996
    - 0.9790256918416322
    - 0.195406760085848
    - 63.86771840153555
- - - 0.018450242357750682
    - -0.18586818136453628
    - 0.9824014493643524
    - 175.53598376992895
  - - 0.9981674525213217
    - -0.05321180460782596
    - -0.028813895562281703
    - -54.12781126221294
  - - 0.05763094033620996
    - 0.9811327754216645
    - 0.18454579840610244
    - 64.04252120713087
- - - 0.016235164042588835
    - -0.19515476698408074
    - 0.9806380761381333
    - 175.40762322628584
  - - 0.9973369119082331
    - -0.06658300984104683
    - -0.02976217307013503
    - -54.23929119971583
  - - 0.07110206462445266
    - 0.9785097443172942
    - 0.1935540665608553
    - 59.510649716370956
- - - -0.3286938617725893
    - 0.5594011650094856
    - -0.7609406559115187
    - -115.41294062031432
  - - -0.9437352552624272
    - -0.22558807883630327
    - 0.2418135369695159
    - 89.28456328312171
  - - -0.03638836637970451
    - 0.7976091494416147
    - 0.6020760180568898
    - 52.52775475166086
- - - 0.37183549435967944
    - 0.19153669751711985
    - -0.9083237631145228
    - -125.98907819927553
  - - -0.9270182815767547
    - 0.025241724920124317
    - -0.37416568648866955
    - -16.52310443259156
  - - -0.0487388013473169
    - 0.9811608170056997
    - 0.1869437894553727
    - 57.26308317950752
- - - -0.995293757852217
    - -0.086288700748669
    - 0.04409757026774456
    - 58.094380198521996
  - - 0.07205545432966398
    - -0.3547288952864774
    - 0.9321885122389039
    - 98.90380824243249
  - - -0.06479465318803486
    - 0.9309788778334028
    - 0.35927702674440565
    - 52.72328254364671
- - - -0.9984484407299793
    - -0.052097220871169365
    - 0.01966191194603535
    - 59.49252683787389
  - - 0.0371859330758062
    - -0.3609931699511247
    - 0.9318267744757714
    - 102.35515444029805
  - - -0.04144776936283438
    - 0.9311121365475478
    - 0.3623703514206237
    - 48.1771594458907
- - - 0.5811532829586653
    - 0.20279841328654857
    - -0.7881203367981463
    - -122.10875621852496
  - - -0.8133657591777648
    - 0.11332965123535967
    - -0.5706071607928264
    - -47.44285360539057
  - - -0.02640082391789949
    - 0.9726403208377339
    - 0.2308111842548495
    - 66.25829833557569
- - - 0.822427505857383
    - 0.09432186536102737
    - -0.5609958853004365
    - -93.87277652390944
  - - -0.5684457676784488
    - 0.17433652205801023
    - -0.8040374284106282
    - -96.80158311954209
  - - 0.021963761464358644
    - 0.9801582335477946
    - 0.1969960161800326
    - 56.316844320567206
- - - 0.9873666371015405
    - -0.04667382430400643
    - -0.15142218484632214
    - -46.40775629253761
  - - -0.14454421397009962
    - 0.12620042407444657
    - -0.9814175580104507
    - -145.37191160362514
  - - 0.06491605461333183
    - 0.9909061545314312
    - 0.11785965707217344
    - 56.78773580394748
- - - -0.9873359583912615
    - 0.11697739318299825
    - -0.10716340210967305
    - 3.53008174482032
  - - -0.12708874706427453
    - -0.17890811190045453
    - 0.9756230511144389
    - 152.194256413305
  - - 0.09495343931233936
    - 0.9768869827059444
    - 0.1915089224616786
    - 57.2091693592216
- - - -0.9139463725973227
    - 0.025931224484702
    - 0.40500567849465985
    - 60.59480922899153
  - - 0.39701801138888604
    - -0.14976132612762344
    - 0.9055099357982276
    - 129.00412182590702
  - - 0.08413516891889004
    - 0.9883820702507808
    - 0.126578657591911
    - 54.08561633433637
- - - -0.9240693655662762
    - 0.043312608538723076
    - 0.37976285437561136
    - 63.22240763969344
  - - 0.3671390100025744
    - -0.17579915440087193
    - 0.9134022140581161
    - 128.45706279263578
  - - 0.10632382120799608
    - 0.9834727628427287
    - 0.14654886485476565
    - 55.990970438723565
poly_incident_angle_to_radius:
- 0.0
- 836.469511570232
- -9.776432369873989
- 29.919227253776327
- -85.34815944631696
poly_radius_to_z:
- 852.1682403208026
- 0.0
- -0.0010717876016513755
- 1.933532062882292e-06
- -1.7239285172147403e-09
principal_point:
- 2002.9248583234457
- 1517.3605769346489
