extrinsics:
- - - -0.6524792565411857
    - -0.057079177211883714
    - -0.7556538806307262
    - -161.97010246245654
  - - -0.7563443514156496
    - -0.01286452847197851
    - 0.6540471894204836
    - 96.77372564692404
  - - -0.04705360629220134
    - 0.9982867681362947
    - -0.03477767529451166
    - -32.18747214206099
- - - -0.08403828630493879
    - 0.16624324750292782
    - 0.9824972005530652
    - 150.88268916411715
  - - -0.9928349083758196
    - -0.09802560379901121
    - -0.06833612302594595
    - -48.66535129006876
  - - 0.0849494623014596
    - -0.9812003687624254
    - 0.17329000315994386
    - 196.03414623907005
- - - 0.9234027282210548
    - 0.2431128490261344
    - 0.2970244840956853
    - 53.39173638825796
  - - -0.38302511281431023
    - 0.5334706984328846
    - 0.7541225211244624
    - 13.86521745845206
  - - 0.02488301564314686
    - -0.8101266299486306
    - 0.5857266247837609
    - 220.35694771939544
- - - -0.9998756550254136
    - 0.014788694632982014
    - -0.005474394811540932
    - 59.17457692006702
  - - -0.011297077215351111
    - -0.4295468175732397
    - 0.9029739240748277
    - 104.36541223579674
  - - 0.011002296755251249
    - 0.9029234884660796
    - 0.42966047461030776
    - 60.116415674788755
- - - 0.5406772039411658
    - -0.5843992442904214
    - -0.6050997309627127
    - -37.02159434922747
  - - 0.8260865429022825
    - 0.23297555197044945
    - 0.5131309928466796
    - -39.31659320326518
  - - -0.15889992062338476
    - -0.777302975329986
    - 0.6087289214166133
    - 210.51315382115837
- - - -0.7703373796825218
    - -0.30482057965518683
    - -0.5600577967339998
    - -6.097605330268857
  - - 0.6374960038064784
    - -0.3866148083334727
    - -0.6664291673599245
    - -86.43275178801348
  - - -0.013385312646206774
    - -0.8704099058466348
    - 0.4921457398062236
    - 196.88412277819674
- - - -0.9931441148510873
    - 0.11515301641923541
    - 0.020113427012860154
    - 37.42210736362662
  - - -0.10885085281771027
    - -0.8482678862938591
    - -0.518259669396921
    - 35.218004629215194
  - - -0.04261759000116646
    - -0.5168959043096583
    - 0.8549867631316829
    - 171.12669029401903
- - - 0.5525585054058596
    - 0.6464080385004244
    - 0.5261518277699658
    - -44.77547431018059
  - - -0.822832826579487
    - 0.523622999831475
    - 0.2208281991746049
    - -18.630870470655793
  - - -0.13276007534968576
    - -0.5549554953413119
    - 0.8212180956260189
    - 206.21925702520016
- - - -0.7314962897001884
    - 0.4658753229177545
    - -0.4978688197217576
    - -41.58729757339868
  - - -0.6813246134338437
    - -0.4708842340683044
    - 0.5604148545810768
    - 58.93121857226648
  - - 0.026644873504694962
    - 0.7491516679566189
    - 0.661862394394586
    - 63.60952341121749
- - - 0.9997433869182142
    - 0.022371320975360723
    - 0.003561504052381924
    - -65.34781489075995
  - - -0.022115919937336588
    - 0.9979337072916556
    - -0.06032579826622505
    - -110.54469537423687
  - - -0.004903712738636315
    - 0.060231551938741794
    - 0.9981723867911932
    - 113.15909605762708
- - - 0.14457695439966445
    - 0.12278732551905014
    - -0.9818455973056031
    - -204.02150143535258
  - - -0.9894902869493633
    - 0.015388652959926807
    - -0.14377816730277565
    - -55.793319450218085
  - - -0.0025448554739704154
    - 0.9923136913556909
    - 0.12372171053884945
    - -39.84063303711768
- - - 0.9203895193648192
    - 0.05052418263289356
    - -0.3877246956445716
    - -117.79334639821145
  - - -0.38770425881559845
    - 0.24645741261759127
    - -0.8882252819313858
    - -123.60534851929096
  - - 0.05068076893304949
    - 0.9678357560738907
    - 0.24642526032295164
    - -34.73406617001268
- - - 0.9483717628567159
    - 0.09183453584117347
    - 0.30357440182413487
    - -7.2168485635992194
  - - 0.2810641039236253
    - 0.20012843098600655
    - -0.9385902090884435
    - -183.75289906152074
  - - -0.14694886492128675
    - 0.9754563184161122
    - 0.16398476136650622
    - -13.039287161730655
- - - 0.2973916049251475
    - 0.09853326794552855
    - 0.949657532180954
    - 127.94840793270637
  - - 0.9512097441121535
    - 0.05506698213599173
    - -0.30359125511866475
    - -141.05857691684562
  - - -0.08220861284644525
    - 0.9936089887810037
    - -0.07734934639319342
    - -5.659263101172189
- - - 0.7656882653448455
    - -0.24019639537599577
    - -0.596680125328119
    - -70.99635961704581
  - - 0.6197605669786982
    - 0.02730126344241451
    - 0.7843159316453353
    - 44.647597221608194
  - - -0.17209973832473952
    - -0.9703403179621192
    - 0.1697685112314117
    - 178.15123539142138
- - - 0.009720400053133151
    - 0.999505408035682
    - -0.02990740928653102
    - -72.79885538093349
  - - -0.619336808451655
    - -0.017463693533305683
    - -0.7849311671128195
    - -100.41463939214316
  - - -0.7850652402951779
    - 0.02615260437508684
    - 0.6188607353554392
    - 119.32027055924604
poly_incident_angle_to_radius:
- 0.0
- 810.0713786310657
- -174.28061301435932
- 296.18330841076374
- -117.55514801506104
poly_radius_to_z:
- 794.9849251597338
- 0.0
- -0.000802843282964581
- 9.246711518017498e-07
- -5.373518169033001e-10
principal_point:
- 2267.1579252770252
- 1757.9302826922624
