extrinsics:
- - - -0.8190517580930327
    - 0.05257550873534328
    - 0.5713055517373624
    - 115.16928345369554
  - - -0.5653128566234802
    - -0.2438024823422634
    - -0.7880239360196816
    - -26.93813695867067
  - - 0.09785495235762298
    - -0.9683987636738134
    - 0.22940846282148603
    - 157.5561042287546
- - - -0.28419048656394585
    - -0.10012780556755507
    - 0.9535251385772554
    - 174.1622578678148
  - - -0.9576148220363422
    - 0.07840344809698839
    - -0.27717639138788164
    - -14.98699130601656
  - - -0.04700659488681317
    - -0.991880699418397
    - -0.1181653847724379
    - 167.32572204896624
- - - 0.5763451178830937
    - -0.13387344528157435
    - 0.8061663635632316
    - 145.1865278951595
  - - -0.8031854000148914
    - 0.08915760625530648
    - 0.5890196384245119
    - 90.98987338554394
  - - -0.15072995155323943
    - -0.986979646140317
    - -0.05613964561246393
    - 165.76243488645147
- - - 0.928474100458847
    - -0.18070423274529868
    - 0.3244716089969471
    - 79.26960245929102
  - - -0.33096072854392994
    - -0.006137557645114093
    - 0.943624568643602
    - 111.01625514094941
  - - -0.16852549047193394
    - -0.9835183326476867
    - -0.0655045678339176
    - 182.603897282721
- - - -0.32349852213542885
    - -0.013494272763548917
    - 0.9461324488562775
    - 169.14637101631453
  - - -0.9461893337921087
    - 0.013731147689394827
    - -0.32332213070122134
    - -7.980009549255014
  - - -0.008628487366800264
    - -0.9998146629179407
    - -0.017210142940893805
    - 164.2976085369408
- - - -0.984039906475704
    - 0.16437361552317054
    - 0.06816727208220152
    - 105.48800579386861
  - - 0.051357155339797685
    - -0.10443624117694994
    - 0.9932046687990513
    - 106.59369433116082
  - - 0.17037577603254475
    - 0.9808539065776669
    - 0.09432766769425226
    - -1.5733746836893487
- - - -0.7703971838840976
    - 0.10836397929299334
    - -0.628287694496112
    - -23.90374868554522
  - - -0.6371147995134705
    - -0.09385273517368138
    - 0.7650335916424386
    - 123.20536219060993
  - - 0.023935565678759135
    - 0.989671113093742
    - 0.14134417781936148
    - 29.83605497263958
- - - -0.997611274580273
    - -0.011987652824698814
    - 0.06802970682046365
    - 67.5522428854681
  - - 0.0181765788682366
    - -0.9956760742891293
    - 0.09109756895128945
    - 61.39983721753471
  - - 0.06664350539227756
    - 0.09211650920406532
    - 0.9935155720576742
    - 89.9038388363527
- - - -0.5771571310182955
    - 0.1225004377497225
    - -0.8073928962195895
    - -155.53597496300654
  - - -0.22858469688203428
    - -0.9733971920877007
    - 0.015714413356167054
    - 21.07047207659094
  - - -0.7839889555765942
    - 0.1936273461753436
    - 0.589804856157539
    - 135.96784713503467
- - - 0.02581998864754616
    - 0.9996625270817723
    - -0.002856594953076057
    - -91.03775553131788
  - - -0.7234690351935374
    - 0.016714111057164367
    - -0.6901544708307705
    - -149.74837114778657
  - - -0.6898738169421801
    - 0.019886438596544414
    - 0.723656442144733
    - 139.1119928788349
- - - 0.4250559772787398
    - 0.06752098408930275
    - 0.9026451865972741
    - 111.58624665098428
  - - -0.127295049890205
    - 0.9917626122847516
    - -0.014243986365324094
    - -137.68010485796475
  - - -0.8961715162027107
    - -0.10884777251619546
    - 0.43014971343149455
    - 184.27324085331944
- - - 0.9994987352372403
    - 0.01106245696550175
    - 0.029663113542635625
    - -7.03526134020042
  - - -0.027979034536070334
    - 0.7470863097534893
    - 0.6641379520892803
    - -17.432808873279793
  - - -0.014813908518222271
    - -0.6646349884145433
    - 0.7470213385771616
    - 204.15478701433963
- - - 0.2861260296319961
    - 0.9581619766519885
    - -0.007584303882647382
    - -98.90507255417828
  - - -0.8415019528125035
    - 0.2474877747906667
    - -0.48023355228670517
    - 61.69026245885977
  - - -0.4582645072223827
    - 0.14378952613983584
    - 0.8771078688466476
    - 132.90615991413281
- - - -0.9988222499769152
    - -0.04364045126604374
    - -0.021204338337920046
    - 71.49932115110632
  - - -0.014254412362423953
    - -0.1538073106580692
    - 0.9879980379111764
    - 132.280592750133
  - - -0.046378062478448834
    - 0.9871366785817597
    - 0.15300409510636256
    - 31.50061797274218
- - - -0.995126404585142
    - 0.04007292628280402
    - 0.09009772181682346
    - 51.337763041142786
  - - 0.08872447573746818
    - -0.034823134694236466
    - 0.9954472947852028
    - 115.27257718080476
  - - 0.04302797116481517
    - 0.9985897605469427
    - 0.03109797144895169
    - 6.461977187133567
- - - 0.2569792900651027
    - 0.00010429331138617495
    - -0.966416904653753
    - -149.32045192182537
  - - 0.966397201857153
    - -0.006414137214625653
    - 0.25697335870953064
    - -27.353986959362846
  - - -0.006171930030465136
    - -0.9999794237716583
    - -0.0017490891920906926
    - 154.2677042704762
- - - -0.997871195050843
    - -0.029048387825664358
    - -0.05838894803412632
    - 53.681443188079925
  - - 0.0643990327700059
    - -0.29766701071083906
    - -0.9524952048765185
    - -65.1214038583314
  - - 0.010287986493469832
    - -0.954227720148185
    - 0.29890402378473785
    - 156.88370124794042
poly_incident_angle_to_radius:
- 0.0
- 826.604966271334
- -226.9026094835794
- 332.42902934298934
- -124.44243235967052
poly_radius_to_z:
- 801.7108969698453
- 0.0
- -0.0008406344450183974
- 9.215649647090883e-07
- -5.155945017939077e-10
principal_point:
- 2260.0927315503513
- 1756.102919986708
