extrinsics:
- - - 0.27906532250257543
    - 0.3054335173736425
    - 0.9104026099706102
    - 25.065397533139084
  - - -0.933650649607614
    - 0.307989408425693
    - 0.18286330628333258
    - 134.31575352353266
  - - -0.22454177843736303
    - -0.9010287957453726
    - 0.3711173654975332
    - 183.59346188127662
- - - -0.04657454792183009
    - 0.24442795907126189
    - 0.9685482870307159
    - 75.05572141073597
  - - -0.9962472588432794
    - 0.05944652201466617
    - -0.06290874555744846
    - 183.36451476646747
  - - -0.0729534833515791
    - -0.9678435223963724
    - 0.2407419893210438
    - 188.6117384471864
- - - -0.15119512108277433
    - 0.01177153560105799
    - 0.9884338451865955
    - 193.03670086966926
  - - -0.982212389043337
    - -0.11442618592882278
    - -0.14888072670283106
    - 103.08849480339266
  - - 0.11135016017296888
    - -0.9933620079927435
    - 0.028862829141972354
    - 230.88123052752925
- - - -0.05651457632816076
    - -0.01915619928492939
    - 0.9982179835543957
    - 222.53738758624237
  - - -0.991010022581182
    - -0.12036060597612347
    - -0.05841626205694623
    - 126.76303847832455
  - - 0.12126515495431468
    - -0.9925453967240069
    - -0.01218185683258613
    - 216.3869552599883
- - - -0.18005107962036568
    - -0.08653109735641858
    - 0.9798438538450068
    - 259.9199171077785
  - - -0.9831974783896515
    - -0.014621674727001842
    - -0.1819585807715812
    - 29.604263779508887
  - - 0.030072033781755075
    - -0.9961418452301216
    - -0.08244450840266576
    - 248.66111280806504
- - - -0.43014743325126126
    - 0.1796557217468018
    - 0.8847016487556624
    - 233.76652042468993
  - - -0.7863778840010744
    - 0.40674485015630796
    - -0.46493919002952927
    - -215.00255827397467
  - - -0.443376825309289
    - -0.8957022097298625
    - -0.033682966966968944
    - 309.0954007402723
- - - -0.6245766446780586
    - -0.1602778666832174
    - 0.7643395975442954
    - 246.1626678284411
  - - -0.5515671957573337
    - -0.6023471204126182
    - -0.5770195621424097
    - -107.19742930913289
  - - 0.5528812200528153
    - -0.7819775904603046
    - 0.2878079299303735
    - 141.546508561633
- - - 0.7441600658987254
    - 0.1847257637936485
    - 0.6419518584072003
    - 43.59595688519573
  - - 0.4643801960556741
    - 0.5477470030561508
    - -0.6959340875070705
    - -255.47890126562976
  - - -0.48018416241365003
    - 0.8159960862858705
    - 0.321828459483066
    - 39.62831429499066
- - - 0.9060481021476997
    - 0.20517576090679646
    - 0.37010774611032976
    - -105.2557605555599
  - - 0.17126561952369698
    - 0.6219791509298885
    - -0.7640746189854093
    - -210.2480582671143
  - - -0.38696889301817977
    - 0.755675090859062
    - 0.5284034754725149
    - 33.82129540272648
- - - -0.5589042354521779
    - -0.3273722944890175
    - -0.761874948003025
    - 0.49069166406666115
  - - 0.8286608624501506
    - -0.18639719790725237
    - -0.5278041868493439
    - -84.42946559923338
  - - 0.030777112226282353
    - -0.9263279470108415
    - 0.37545879128033505
    - 169.57628955328093
- - - -0.7769592657258084
    - -0.24589813255765036
    - -0.5795415496817057
    - 48.03872833536799
  - - 0.6295503694630759
    - -0.3046367745809394
    - -0.7147466459395433
    - -62.14055129299486
  - - -0.0007948029422963257
    - -0.920179625930493
    - 0.3914956248934345
    - 173.1842019328666
- - - -0.9629921951456157
    - -0.046077797294864754
    - -0.2655614216807141
    - 76.2516049644587
  - - 0.2625866010056155
    - -0.382576746495452
    - -0.8858235208060758
    - -28.50972670686333
  - - -0.06078082807058861
    - -0.9227740078900183
    - 0.38051783309280723
    - 180.97418371557737
- - - 0.9935040087254019
    - -0.11285777126998629
    - 0.014591371098294408
    - 11.96066415109416
  - - 0.062220800903934344
    - 0.43137501805403644
    - -0.9000245361842936
    - -88.89147590701286
  - - 0.09528041027110257
    - 0.8950858714463387
    - 0.43559491061732947
    - 10.901349607648376
- - - 0.06894009858977071
    - 0.30946284528568824
    - 0.9484091997624859
    - 104.70904206058796
  - - -0.9450244403939643
    - 0.32486444649287133
    - -0.037308155448305104
    - 31.853256544166307
  - - -0.31964991766698037
    - -0.8936978453552218
    - 0.3148461391583613
    - 239.52701911328157
- - - -0.061069760272043104
    - 0.0035944795938982837
    - 0.9981270280363937
    - 202.42247374473476
  - - -0.9667245111318047
    - 0.24867336831949743
    - -0.06004394611956397
    - 20.610034877537515
  - - -0.2484234368116035
    - -0.968580732621233
    - -0.011711551461128627
    - 273.1472483085005
- - - -0.2319970682245076
    - -0.2148884400893873
    - 0.9486834659944187
    - 252.8973818539845
  - - -0.9485370282337904
    - 0.2660826044634643
    - -0.17169028414953869
    - -20.88316074341114
  - - -0.21553391010382333
    - -0.9396930381342034
    - -0.26556002650524735
    - 222.1009883413322
- - - -0.14137950097832425
    - -0.15692841294555196
    - 0.9774381361055594
    - 226.66656157161515
  - - -0.9526741005551056
    - 0.2899776890012486
    - -0.09124142706586456
    - -38.52744265722297
  - - -0.26911687950524477
    - -0.9440796645897448
    - -0.19049853562028812
    - 211.7422292745569
- - - -0.05862000173868435
    - -0.1265005734656832
    - 0.9902329525465254
    - 204.97664219321484
  - - -0.9826725097836085
    - 0.1820314696555816
    - -0.034918226911071854
    - 10.500521139538742
  - - -0.17583638392477446
    - -0.9751216072715663
    - -0.13497932108429406
    - 218.93446672758262
- - - -0.017785934274160302
    - -0.11811766864746405
    - 0.9928403078518131
    - 195.1678092097548
  - - -0.9968873185542217
    - 0.07837629828620353
    - -0.008534047851156823
    - 64.34463297899447
  - - -0.07680712628245528
    - -0.989901698261115
    - -0.11914400166181689
    - 220.4783524449739
- - - 0.11166712300031811
    - -0.09458124984904859
    - 0.9892344721135752
    - 175.90665729645727
  - - -0.9936114674919465
    - 0.005732642305609859
    - 0.11270930964519686
    - 144.72600821810855
  - - -0.016331114760872064
    - -0.9955006398738214
    - -0.09333686678627812
    - 207.40557610324555
- - - 0.1207874780620057
    - -0.09354725496626776
    - 0.9882607430388485
    - 174.33788249031335
  - - -0.9924787584834693
    - -0.03134523292729017
    - 0.11833592156164931
    - 154.63974798279384
  - - 0.019907262557453672
    - -0.9951212928387221
    - -0.09662977510301153
    - 201.91358166784073
- - - 0.16385270003343003
    - -0.1000110678704281
    - 0.9814020985280046
    - 162.6073443283234
  - - -0.9862683388651482
    - -0.03744847944050804
    - 0.16084892023192157
    - 173.40503484323372
  - - 0.02066534403139766
    - -0.9942813473514479
    - -0.10477378424517036
    - 198.09235691080096
- - - 0.39773443960356847
    - -0.009826498840793483
    - 0.9174479579102932
    - 84.32643846637939
  - - -0.9143776155127855
    - -0.08667817180191155
    - 0.39547499387727486
    - 214.30814625063726
  - - 0.0756365771461634
    - -0.9961879011780909
    - -0.043460024666379035
    - 187.07113941532825
- - - 0.31201153863035647
    - 0.24268622373976395
    - 0.9185598492033338
    - 4.605780775540837
  - - -0.945896686475912
    - -0.011261438107546134
    - 0.32427247574476686
    - 148.82005690323962
  - - 0.08904076749112189
    - -0.9700394717838461
    - 0.2260423962576685
    - 223.00795948393468
- - - -0.5032553721185583
    - 0.5082553527225505
    - -0.6988637398396683
    - -88.75660587139298
  - - -0.8639570772550947
    - -0.3124716390962401
    - 0.39489193891664087
    - 80.86011015925854
  - - -0.017669156591260376
    - 0.8025197637375573
    - 0.5963638400473059
    - 57.37015076536392
- - - 0.42317238526527384
    - 0.624939218294422
    - -0.6560305677226141
    - -122.15574270045367
  - - -0.8761491545236882
    - 0.09777350004200681
    - -0.47202012850826847
    - -12.118440853420017
  - - -0.2308414853884051
    - 0.7745265109259286
