extrinsics:
- - - -0.99812956212014
    - 0.060677268829604926
    - 0.007459642701716666
    - 44.857129730133195
  - - 0.00341018091575484
    - -0.06656940762198163
    - 0.9977759691609034
    - 98.23121059010573
  - - 0.0610389047082207
    - 0.9959351299237507
    - 0.06623797321614278
    - 45.32705152533951
- - - -0.7987993626346742
    - -0.16312078806069508
    - 0.5790606071534276
    - 207.4039789856072
  - - 0.5781816097392862
    - 0.05776938023288575
    - 0.8138603841364906
    - 24.67921264247273
  - - -0.16620951962425642
    - 0.9849133501024169
    - 0.04816729571304436
    - 62.931727401155115
- - - -0.9351866617144251
    - -0.14098269308751984
    - 0.3248842686268752
    - 141.78197284564126
  - - 0.3317360947106421
    - -0.027512157246662755
    - 0.942970967034387
    - 71.41176754586799
  - - -0.12400431935042117
    - 0.9896297092617142
    - 0.07249805051871175
    - 56.619308583257755
- - - -0.9775395703957973
    - -0.09101419508432922
    - 0.19008630830112733
    - 101.93224396913108
  - - 0.19409379744171926
    - -0.037335216671583765
    - 0.9802722475877498
    - 90.84505925656266
  - - -0.08212177607098127
    - 0.9951494851976949
    - 0.05416194241079292
    - 53.33166149816843
- - - -0.9999064827044428
    - 0.006341106641301581
    - 0.01211677400111471
    - 55.9737034792654
  - - 0.00862655806846351
    - -0.39504088499653817
    - 0.9186230356773358
    - 75.23677627517301
  - - 0.010611707757089557
    - 0.9186416545899254
    - 0.39494923991667913
    - 84.86941416399294
- - - -0.6072968707005076
    - 0.4330512308013076
    - -0.6660759283586544
    - -50.0995966665402
  - - -0.7855127734916285
    - -0.20171681933295085
    - 0.5850470130508209
    - 78.22163762847813
  - - 0.11899661137553645
    - 0.8785083700794607
    - 0.46266926651925916
    - 81.0191835943507
- - - 0.5215150642548376
    - 0.4619699457607352
    - -0.7173603048462444
    - -97.16375381821443
  - - -0.8531449363196698
    - 0.2696451421764526
    - -0.4465817001767401
    - -2.4860432060984117
  - - -0.012874602416376465
    - 0.8449113956590149
    - 0.534751323605801
    - 75.64736426219427
- - - 0.9977711378346611
    - 0.009172864427770232
    - -0.06609549956173599
    - -55.25088210447167
  - - -0.05786829998248854
    - 0.6121540749678186
    - -0.7886181892128984
    - -60.361252194989376
  - - 0.03322674165882677
    - 0.790685302164195
    - 0.6113204859811696
    - 71.87444621266403
- - - 0.748942902394766
    - -0.3909224053998431
    - 0.5350366360436494
    - 9.21802096812119
  - - 0.6571103821852454
    - 0.5421998092054381
    - -0.52366526762995
    - -102.87722144570755
  - - -0.08538427593453345
    - 0.7437735138158573
    - 0.6629558700012756
    - 82.43548119866873
- - - -0.9405943766749357
    - -0.21128330283616004
    - 0.265784846276331
    - 89.49803516481957
  - - 0.32948888411204147
    - -0.37901090943953175
    - 0.8647472496472137
    - 42.416570362403576
  - - -0.08197129872151046
    - 0.9009495526767647
    - 0.42611102980026977
    - 85.84150205298661
- - - -0.6126150202843657
    - 0.20943450607047126
    - -0.7621286142043243
    - -73.56152767380476
  - - -0.7877953882043734
    - -0.08386049112156116
    - 0.6102014784911377
    - 113.43019800957907
  - - 0.06388476536629333
    - 0.9742199986121554
    - 0.21636573448267027
    - 44.36667718682593
- - - -0.9984728165695733
    - -0.005064634011305585
    - 0.055012580869785534
    - 57.20825613521533
  - - 0.04419590438476283
    - -0.6707078817238812
    - 0.7404037138136718
    - 71.68889079125252
  - - 0.03314749775225988
    - 0.7417043122941891
    - 0.6699074238407634
    - 119.78667620779609
- - - 0.6075419488454817
    - 0.589742349712215
    - -0.5320683615372652
    - -97.20875579391598
  - - -0.7937785909575203
    - 0.47477605782502985
    - -0.380135822376184
    - 5.804899091582435
  - - 0.028431126086169458
    - 0.6532929326665334
    - 0.7565712228187328
    - 102.43120878544202
- - - 0.6725781487365268
    - -0.5193570063424195
    - 0.5271687906213592
    - 14.783155876150767
  - - 0.7267099464458264
    - 0.5980583785909763
    - -0.3379627635314817
    - -107.43984788761132
  - - -0.1397543830398547
    - 0.6104051734382436
    - 0.7796628993744523
    - 92.19102054755047
- - - 0.9992401762827211
    - 0.02784182112303742
    - -0.027274587055164345
    - -56.653603386294904
  - - -0.024370182846927126
    - 0.9924443677253895
    - 0.120250867598365
    - -97.00470921090967
  - - 0.030416513450497396
    - -0.11949481146353155
    - 0.9923687952282716
    - 110.54261380565663
- - - 0.3680875220738549
    - 0.24987440572796601
    - -0.8955860413470194
    - -150.06360560307405
  - - -0.9296832627184581
    - 0.08423659896782663
    - -0.35859897715344413
    - 11.24294635709054
  - - -0.014163584104741037
    - 0.9646071618832351
    - 0.2633104937690075
    - 52.453501473388506
- - - 0.8881765260304747
    - 0.17675323000606927
    - -0.42414709039537035
    - -111.30835334004166
  - - -0.45625223689778077
    - 0.22963831255688624
    - -0.8597093356081444
    - -70.4854966189807
  - - -0.054555979820805366
    - 0.9570917098629825
    - 0.28460341525945265
    - 48.719092247092156
- - - 0.9868182480774409
    - 0.06234671006814829
    - 0.14934066092343556
    - -52.688917191047096
  - - 0.11669356732545885
    - 0.3652380688577461
    - -0.9235712015875782
    - -100.7407030899088
  - - -0.11212652053028721
    - 0.9288240095953282
    - 0.3531481312325306
    - 48.35441448536654
- - - 0.7728198933979059
    - -0.0905815529032792
    - 0.6281276897590807
    - 18.65910012065291
  - - 0.6130363732110382
    - 0.3625174455302223
    - -0.701974007215722
    - -131.4839648218982
  - - -0.16412134988692406
    - 0.9275645982678902
    - 0.3356904802811975
    - 61.86671825491085
- - - 0.03238320684558719
    - -0.3657165464873883
    - 0.9301627468028023
    - 165.9422241500519
  - - 0.986054760019482
    - 0.16368945895954412
    - 0.03002950663020761
    - -128.6849183692789
  - - -0.1632401242259938
    - 0.9162189523530221
    - 0.36591733108970464
    - 68.73310858361216
- - - -0.37505323942319996
    - -0.3274328365296629
    - 0.8672501399021525
    - 205.0007401689434
  - - 0.904254538192781
    - 0.07676077726587843
    - 0.4200375140761814
    - -69.08430048937481
  - - -0.2041048695056633
    - 0.9417513050883852
    - 0.26729325021107225
    - 75.12485896577778
poly_incident_angle_to_radius:
- 0.0
- 939.6231569727454
- -47.923600830681416
- 79.5769199785206
- -113.10282405801428
poly_radius_to_z:
- 942.3141429188552
- 0.0
- -0.0008162443246997044
- 1.239106568077564e-06
- -1.0699382484459425e-09
principal_point:
- 2265.2247152670666
- 1756.9054491298348
