extrinsics:
- - - 0.04804847419987585
    - -0.13406603383233276
    - 0.9898068714145863
    - 223.81766736686004
  - - 0.9976724941392409
    - -0.041559340953824124
    - -0.054059371227104434
    - -46.50757307079189
  - - 0.0483832467394444
    - 0.9901005604240165
    - 0.13175713143127565
    - 85.39468812335534
- - - 0.4329301974165826
    - -0.2429066038995308
    - 0.8680828450941968
    - 193.25066209428186
  - - 0.900836048419485
    - 0.1514624751809905
    - -0.4068827011314378
    - -155.9381578274927
  - - -0.03264748126281796
    - 0.9581521280016264
    - 0.28439170447316087
    - 80.72404247068866
- - - 0.12701075659157662
    - -0.38510313149397324
    - 0.9140918147667504
    - 171.70120961891874
  - - 0.9858537868696826
    - -0.05259729902858478
    - -0.1591409282667538
    - -59.597218636469925
  - - 0.10936443034525317
    - 0.9213734868382272
    - 0.37297495777441286
    - 86.07236904024568
- - - -0.8268127842831889
    - -0.3118648139427937
    - 0.4681035756863084
    - 143.3606722397737
  - - 0.5603840627996184
    - -0.3849902428722929
    - 0.7333159039959017
    - 96.76888935289963
  - - -0.048480118668112776
    - 0.8686327478961174
    - 0.49307892611261134
    - 139.63211566347175
- - - 0.7500997884259383
    - -0.3620334476354969
    - 0.553427583516144
    - 36.908202510306246
  - - 0.6608469280056818
    - 0.37853259261398864
    - -0.6480697601912818
    - -104.79066682399396
  - - 0.025132551577898787
    - 0.8518479084449807
    - 0.5231859093372985
    - 78.95984044348798
- - - 0.04526689550760875
    - -0.9753543504886806
    - 0.21595091839097827
    - 84.85460502054981
  - - 0.9986127832044948
    - 0.05000077881115957
    - 0.016505494201943027
    - -61.36561251541467
  - - -0.026896419681364882
    - 0.21490419516864068
    - 0.9762647025818576
    - 130.46420143098666
- - - -0.060841931331854136
    - 0.9979126926251436
    - -0.02164526020738818
    - -74.21293764785933
  - - -0.6075733187153426
    - -0.01982061751400644
    - 0.794016250152721
    - 86.51641078967334
  - - 0.7919298717544597
    - 0.06146056474682816
    - 0.6075110510961643
    - 117.59691157211518
- - - -0.4630717519165679
    - -0.10173444019165141
    - 0.8804627512029182
    - 266.3571859168359
  - - 0.8827229467056201
    - -0.142353888785531
    - 0.4478119803075655
    - 97.01440327920774
  - - 0.07977939543683792
    - 0.984573752456629
    - 0.15572338949947337
    - 85.60360755224386
- - - -0.9889009075932993
    - -0.09367166023587874
    - -0.11532829240825021
    - 87.7585690322478
  - - -0.08489814569254188
    - -0.2807643600915188
    - 0.9560144763341021
    - 186.04986487559913
  - - -0.12193153742619951
    - 0.9551947414904742
    - 0.2696955802563869
    - 68.1718228852839
- - - -0.7621818737307969
    - 0.053798275313947624
    - -0.6451236601841974
    - -10.172926096487167
  - - -0.6463564506449311
    - -0.11879044950211247
    - 0.753732159202971
    - 187.2284079260289
  - - -0.03608503936395122
    - 0.9914608286162044
    - 0.12531278966558568
    - 59.41065079254528
- - - 0.8276837279865475
    - -0.22400985827375353
    - 0.5145475972370908
    - -5.588738104261587
  - - 0.5610889039772572
    - 0.3125065216526031
    - -0.7664978250185658
    - -167.02809204020332
  - - 0.010903589312281272
    - 0.9231247246828375
    - 0.3843460087204564
    - 58.24091739595325
- - - 0.754753028753597
    - -0.2209532066702131
    - 0.6176791610937039
    - 61.85713463661859
  - - 0.6557174745933668
    - 0.22602903078471878
    - -0.7203786995431067
    - -188.36464350923265
  - - 0.019556561563039344
    - 0.9487310249510505
    - 0.315478974252105
    - 63.4131317495935
poly_incident_angle_to_radius:
- 0.0
- 831.8178533936825
- 7.009606847353026
- 12.636517159709287
- -79.57836729189751
poly_radius_to_z:
- 844.809508957705
- 0.0
- -0.0009372683239388257
- 1.6615102199326068e-06
- -1.5760335645232437e-09
principal_point:
- 1994.8463886631434
- 1523.997891889116
