extrinsics:
- - - -0.991078110077306
    - 0.05725213256008636
    - 0.12035934962817817
    - 89.63724694494226
  - - 0.08651639262542644
    - -0.4105836118906927
    - 0.9077092108455641
    - 233.45705994453584
  - - 0.10138586456049371
    - 0.9100237859331564
    - 0.40196718212213045
    - -2.771224908472385
- - - 0.6606210115185116
    - -0.3664267817406106
    - -0.6552185076472404
    - -139.27340245635148
  - - 0.750500461905834
    - 0.3012698786438995
    - 0.5882053356618075
    - 63.98799736589797
  - - -0.018136587865090707
    - -0.8803225964639945
    - 0.47402868092078876
    - 231.65974737841097
- - - -0.4910481361281742
    - -0.5306205001767756
    - -0.6908788698441968
    - -18.93127461700765
  - - 0.8491743616017684
    - -0.11462269747032851
    - -0.5155235599105582
    - -94.52756046727805
  - - 0.1943569695258585
    - -0.8398235064683375
    - 0.5068745864412127
    - 201.50193953996936
- - - -0.9761848565545371
    - -0.04251390120911911
    - 0.21273385729022826
    - 89.44892488748462
  - - -0.16563097393704151
    - -0.48724404311399067
    - -0.857414498899219
    - -47.819404548238246
  - - 0.14010534003479325
    - -0.8722303655880782
    - 0.4685986374711541
    - 195.42880618727966
- - - -0.6452363272824252
    - 0.30140893946413794
    - 0.702013342584164
    - 103.27155620525997
  - - -0.762378772282104
    - -0.31354359322711683
    - -0.5660998345873807
    - -11.678618287486097
  - - 0.049484235153411466
    - -0.900468248389321
    - 0.43209749376032014
    - 200.03098528941018
- - - -0.37381187539708577
    - -0.2382827213285519
    - 0.8963738207513495
    - 225.61529036287922
  - - 0.925615798694649
    - -0.03419474901951081
    - 0.376916585395707
    - -80.39529960512668
  - - -0.05916143185370216
    - 0.9705936656787701
    - 0.2333406546773782
    - 46.46064723706707
- - - 0.994429683662883
    - -0.019640881328431645
    - 0.10355597535043896
    - 9.513030275246138
  - - -0.05946029348744842
    - 0.7066898091547759
    - 0.7050205579521589
    - 5.5160245130150525
  - - -0.0870291775700814
    - -0.7072508391069107
    - 0.701585470797426
    - 246.257013156593
- - - -0.5343534474955276
    - -0.7137063239781763
    - -0.45286827694507686
    - 67.62991012831752
  - - 0.8151981810146192
    - -0.29352202491066326
    - -0.4992962513005684
    - -96.89112586791754
  - - 0.22342407842509046
    - -0.6359780688089033
    - 0.7386566030125208
    - 193.71994587595904
- - - -0.9987172572527417
    - -0.046857538590177585
    - 0.01918882859454317
    - 72.21994843242862
  - - 0.04686146360424833
    - -0.998901368032557
    - -0.00024529890709249955
    - 61.540462127190274
  - - 0.01917924123703663
    - 0.0006542323410928172
    - 0.9998158473867153
    - 97.47074096547499
- - - 0.12437899555953888
    - 0.3884293004670449
    - -0.9130457513193316
    - -163.08033935482467
  - - -0.9758160746168039
    - -0.11882118137789788
    - -0.18347892351824138
    - 23.454747916020374
  - - -0.17975776473647032
    - 0.9137856452115248
    - 0.36425669605692207
    - 22.9563660057722
- - - 0.4073589727895213
    - 0.40169228426627007
    - -0.8201841110682481
    - -192.28569136713548
  - - -0.9094798520195936
    - 0.09671533283547595
    - -0.4043421115403894
    - 20.493963083445593
  - - -0.08309672712137146
    - 0.9106533111758115
    - 0.40472889788875605
    - 6.792365775463512
- - - 0.7005237904392351
    - 0.21144766040313542
    - -0.6815836749355771
    - -173.91300266136386
  - - -0.7116661065290355
    - 0.13620228165363996
    - -0.689188139255273
    - -82.91922795212216
  - - -0.052893967959019336
    - 0.9678526878520215
    - 0.24589307182425338
    - 6.085675679990479
- - - 0.6863268330517498
    - -0.2574759648649018
    - 0.6801923299700192
    - 103.49357546804434
  - - 0.7117335207303451
    - 0.045355802740345064
    - -0.7009837705871417
    - -245.23918869222717
  - - 0.1496358035429455
    - 0.9652196530710856
    - 0.21438317943204016
    - -18.780940243031797
- - - 0.7249453043110241
    - -0.1691099703029928
    - 0.6677245867133533
    - 125.50995071255052
  - - 0.6712567813423573
    - -0.04398088728361565
    - -0.7399189246502923
    - -284.56004810868546
  - - 0.15449478715897216
    - 0.9846154068964528
    - 0.08163247664279907
    - -47.66567812923785
poly_incident_angle_to_radius:
- 0.0
- 737.6799769897718
- -177.7466165797131
- 286.6582983572699
- -112.64379661010274
poly_radius_to_z:
- 718.9747295326368
- 0.0
- -0.0008585842686819366
- 1.0424257378543168e-06
- -6.752661789112981e-10
principal_point:
- 1982.3353672011272
- 1517.5961897253355
