extrinsics:
- - - -0.9989331030183476
    - -0.037578313726655245
    - 0.02684261596038149
    - 48.147424954472
  - - 0.03436672029461282
    - -0.21664585394314592
    - 0.9756451724399794
    - 114.40404011693481
  - - -0.030847758919041506
    - 0.9755267522250253
    - 0.21770615853247355
    - 15.011809553219718
- - - -0.443960379091067
    - 0.04371582234206041
    - 0.8949793900835226
    - 205.1957549311313
  - - 0.8960236317553635
    - 0.028782070292616868
    - 0.44307250396024295
    - -24.289889378767977
  - - -0.006390080848049488
    - 0.9986293202718557
    - -0.05194850873824119
    - -5.051141203905258
- - - -0.07704175537784484
    - 0.06493545424790235
    - 0.9949110285396975
    - 175.25696106047076
  - - 0.9969782920867883
    - -0.004933547558430035
    - 0.07752383643886275
    - -23.32869741867311
  - - 0.009942486409904699
    - 0.9978772704546924
    - -0.06435914910781194
    - -17.00946039327275
- - - -0.488784866209194
    - 0.7416517594448644
    - -0.45939310212191603
    - -47.622645353530324
  - - -0.8256039739493067
    - -0.22308208898538273
    - 0.5182783612818792
    - 64.83890314653074
  - - 0.2818996856400746
    - 0.6326033901950372
    - 0.7213497889025634
    - 62.14504855860213
- - - 0.09754496281219119
    - -0.8217692700030219
    - 0.5614091619386606
    - 131.26872583414576
  - - 0.8310535460048275
    - -0.24310826293860513
    - -0.5002483145036839
    - -88.9504134364412
  - - 0.5475718983866601
    - 0.515357778023845
    - 0.6592202793661268
    - 26.013370363609056
- - - 0.1796731962367403
    - 0.5338409017234598
    - 0.8262756405710848
    - 42.29657075031263
  - - -0.9837024023024636
    - 0.0916397793835934
    - 0.1546988511233622
    - 86.22467864203459
  - - 0.0068648567673074085
    - -0.8406045696292697
    - 0.541605789536961
    - 192.53359024706805
- - - -0.6107515656119946
    - -0.2534284733922086
    - -0.7501710031563418
    - -15.339822973544605
  - - 0.7854391419432742
    - -0.07384645629143133
    - -0.6145177419705726
    - -153.49165720334727
  - - 0.1003388230243453
    - -0.9645313420347175
    - 0.2441544814800595
    - 154.20608276295508
- - - -0.9125936468757612
    - 0.014809332190541612
    - 0.4085994607951277
    - 187.20203027879762
  - - -0.40883811084419414
    - -0.04508445164257114
    - -0.911492617272043
    - -191.19258140250946
  - - 0.004922885672990677
    - -0.9988734033400622
    - 0.047198403537533046
    - 130.63396013213193
poly_incident_angle_to_radius:
- 0.0
- 811.3130800830686
- -178.98527300388616
- 295.2911861080259
- -115.64934562778717
poly_radius_to_z:
- 794.1264600914548
- 0.0
- -0.0007831602488222534
- 8.652631208359433e-07
- -5.017331210448619e-10
principal_point:
- 2257.1487574910857
- 1774.5479960658458
