extrinsics:
- - - 0.4042810149653888
    - -0.4378558925195696
    - 0.8030187285016747
    - 263.30883433419336
  - - 0.23159486878044122
    - 0.8983605524608165
    - 0.37324540792468786
    - 382.3033498295653
  - - -0.8848280497888422
    - 0.03507898470861867
    - 0.46459529392653903
    - 69.27670735237324
- - - 0.3947685215250326
    - -0.5915587395324775
    - 0.7030050299220385
    - 200.0840272364933
  - - -0.08720511150143573
    - 0.7375712417683884
    - 0.6696147637591779
    - 120.23483101086212
  - - -0.914632758510738
    - -0.3256484623009662
    - 0.23958296279171068
    - 286.42651802217273
- - - 0.8433345322024979
    - 0.020307599542273166
    - 0.5370050914056814
    - -0.6602002536673152
  - - -0.51510557642791
    - 0.3153221820476358
    - 0.7970182975575834
    - 108.10960459085193
  - - -0.15314408877806576
    - -0.9487673702808019
    - 0.2763826426583037
    - 179.09164046240227
- - - 0.5845993237211426
    - 0.05601847121427712
    - 0.8093859163511541
    - 44.68291493511296
  - - -0.7561141890838684
    - 0.3993310871905467
    - 0.5184843448642018
    - 68.2539418514508
  - - -0.29416825758539455
    - -0.9150937731653681
    - 0.27580504444832343
    - 194.13905200151288
- - - 0.9279491519694966
    - -0.21560339795682124
    - 0.3040157004968075
    - 127.98883766370976
  - - -0.33641545904501474
    - -0.13343633909207459
    - 0.9322120908490925
    - 200.7255834312191
  - - -0.16042135230269072
    - -0.9673210005986521
    - -0.19635445379771388
    - 143.15537894769793
- - - 0.9667950261521748
    - -0.1252115971511744
    - 0.22277664452600798
    - 99.69085832134421
  - - -0.23413651413920508
    - -0.08466059045726886
    - 0.9685105457196471
    - 184.02446728827618
  - - -0.10240835002165159
    - -0.988511325358632
    - -0.1111660446519722
    - 156.9110389601653
- - - 0.8457984935281126
    - 0.031584840704511084
    - 0.5325667152416174
    - 106.47511047631666
  - - -0.5225062173583266
    - -0.1525896112217582
    - 0.8388704687668329
    - 159.88223011329697
  - - 0.10775973815608615
    - -0.9877847986200552
    - -0.11255678765702412
    - 165.93043655415732
- - - 0.703013787951077
    - 0.12596676509368251
    - 0.6999314166705982
    - 97.3070311308134
  - - -0.6971351476146476
    - -0.07254090819764075
    - 0.713260403077421
    - 93.02581956018477
  - - 0.1406207662864253
    - -0.9893786892437566
    - 0.03681860072468931
    - 176.8160325370931
- - - 0.709552995522106
    - 0.18127516430127757
    - 0.6809360185459066
    - 73.46636778209887
  - - -0.6861398343122923
    - -0.04230752683361918
    - 0.7262383912622099
    - 98.15268724364944
  - - 0.1604577025745613
    - -0.9825219529256167
    - 0.09436067880068574
    - 171.96091640898175
- - - 0.11554877883277981
    - 0.01615178352893841
    - 0.9931704786183932
    - 166.12557511997252
  - - 0.9916923552819699
    - 0.055019904970252824
    - -0.11627158953228134
    - -159.7810046370012
  - - -0.05652213889753543
    - 0.9983546113209968
    - -0.009660117419009155
    - 22.669817315111725
- - - 0.026911941657563776
    - 0.11942909745664072
    - 0.9924779282568013
    - 186.4459475273704
  - - 0.9992798388721654
    - 0.02335373135693064
    - -0.029906635640395283
    - -163.51430514262663
  - - -0.02674978541668943
    - 0.9925680298661652
    - -0.1187145950073559
    - 16.271396033806848
- - - -0.1397561467698813
    - -0.23126943388325472
    - 0.9627993915615831
    - 215.59751140874909
  - - -0.9891017802634557
    - 0.0780948684267754
    - -0.12481530276799753
    - -130.43240632434436
  - - -0.04632372739425944
    - -0.9697502980029054
    - -0.23966324666827574
    - 158.6059115270456
- - - -0.16623954301154764
    - -0.17608592361182207
    - -0.9702361371568694
    - -181.20778968670058
  - - 0.9860807741724421
    - -0.03269887949842135
    - -0.16301990702679406
    - -155.81486194464676
  - - -0.0030201236379798885
    - -0.9838315561036449
    - 0.1790707906608223
    - 177.56706114649168
- - - 0.8272125639390691
    - -0.046157678349795075
    - 0.5599900381173835
    - 96.95235895828309
  - - 0.49244334401914586
    - 0.5394989109223925
    - -0.6829644778791893
    - -158.02156388135157
  - - -0.2705899609974341
    - 0.840720163813685
    - 0.46901031882518107
    - 25.09366901577654
- - - 0.9772027119093888
    - 0.07183634527172263
    - 0.1997858837228957
    - -13.548781862063967
  - - 0.13597754577182614
    - 0.510915391680866
    - -0.8488083232329066
    - -163.87477679928946
  - - -0.16304897081186223
    - 0.8566241895029519
    - 0.48949977637952335
    - 25.675781964831483
- - - -0.9950697180590735
    - -0.09649712330064457
    - 0.022903305362685925
    - 63.960993010219106
  - - 0.02423437076297279
    - -0.4605067008320431
    - -0.8873253483150978
    - -101.07919350888426
  - - 0.09617146913486874
    - -0.8823955369807166
    - 0.46057482002488337
    - 165.7802172592821
- - - 0.9352871222524141
    - -0.04093020258504038
    - -0.351514889393246
    - -78.40470597675747
  - - 0.3528786303552999
    - 0.03282993239028289
    - 0.9350929727988642
    - 18.650462494497795
  - - -0.026733334759547187
    - -0.9986225082860877
    - 0.04514880681742293
    - 217.5253973366357
- - - -0.9945401112689713
    - -0.06773898736414716
    - -0.0793813370256643
    - 75.15262936258856
  - - 0.09982054474950455
    - -0.3957273247752728
    - -0.9129270196856468
    - -90.71395311000987
  - - 0.03042738771262412
    - -0.9158664280434597
    - 0.4003284402336411
    - 175.83374096913036
- - - -0.9841962203022463
    - -0.11640831294584773
    - -0.13344251428939116
    - 66.67821486242912
  - - 0.16444596206793974
    - -0.321271157805091
    - -0.932599790222004
    - -94.53733021737953
  - - 0.06569113716721992
    - -0.9398052712342475
    - 0.33533673621898274
    - 171.99302716509192
- - - -0.8957613018621922
    - 0.2612174702535989
    - 0.35969031585582173
    - 82.03536386654608
  - - -0.4398268346913399
    - -0.6382467956885364
    - -0.6318175237192399
    - 58.41031257511127
  - - 0.06452941632734266
    - -0.724159140678087
    - 0.6866072337230558
    - 141.77414873932415
- - - -0.005662865301727934
    - -0.5199217160879872
    - -0.8541951422811402
    - 15.487994959491278
  - - 0.9944939863800568
    - 0.08645817954330429
    - -0.05921734749177312
    - -81.51609708320207
  - - 0.10464054190646246
    - -0.849827272056022
    - 0.516569419012916
    - 207.8705934302444
- - - 0.9995164678190229
    - 0.01134094947940424
    - -0.028951915713641908
    - -68.31304230982902
  - - 0.017992725988412193
    - 0.5484346729557624
    - 0.8359998034158929
    - -65.2839274590778
  - - 0.02535926596118552
    - -0.8361164944939263
    - 0.5479654325457936
    - 218.17131117828987
poly_incident_angle_to_radius:
- 0.0
- 821.1519721526884
- -210.5848206529942
- 329.26867305547063
- -127.22153177325546
poly_radius_to_z:
- 799.8297863219351
- 0.0
- -0.0008236770872949998
- 9.225407018164247e-07
- -5.231479582149425e-10
principal_point:
- 2259.543675357664
- 1745.3897278528668
