extrinsics:
- - - -0.9989472540895653
    - -0.01740728634636152
    - 0.042442548568300396
    - 67.86845296053025
  - - 0.04532971249275188
    - -0.23252566323968962
    - 0.9715333412190582
    - 128.35260719375952
  - - -0.007042777310210704
    - 0.9724344719912998
    - 0.23306994008400259
    - 53.44063325096337
- - - 0.9498058154115954
    - -0.22526081260392353
    - 0.21708634069267072
    - -14.851722804974875
  - - 0.3120519501636601
    - 0.7314109445991074
    - -0.6063510621081638
    - -153.73296467593948
  - - -0.022192192531852867
    - 0.6436579809383719
    - 0.7649914445044257
    - 53.35722985115034
- - - 0.13319634917567388
    - -0.5799371181471216
    - 0.8036987442826344
    - 128.79545754821783
  - - 0.9907171703081219
    - 0.10014176603828191
    - -0.09192994697812931
    - -113.13896673899863
  - - -0.027170223093298466
    - 0.8084828790332828
    - 0.5878921782836668
    - 58.178639168703235
- - - -0.883079702564801
    - -0.25528116429446024
    - 0.39370263661109456
    - 184.30749938293724
  - - 0.465718250695131
    - -0.37449142725415185
    - 0.801787179919095
    - 89.27764844788723
  - - -0.05724290250790698
    - 0.8913964875798047
    - 0.44959487546329663
    - 78.18414345327189
- - - -0.8543118612429995
    - 0.19638049303728236
    - -0.48123377447344184
    - -26.037526635409176
  - - -0.5197578329194606
    - -0.31967635663251615
    - 0.7922492171842306
    - 140.7715836629867
  - - 0.0017432321668563696
    - 0.9269529270489383
    - 0.375173602718819
    - 59.49615794426026
- - - 0.10357245222518631
    - -0.6668928158256939
    - -0.7379205372803624
    - 17.28278457759976
  - - 0.9945965585697276
    - 0.07474068311470575
    - 0.0720521753231746
    - -47.74383942552906
  - - 0.007101606953066513
    - -0.7413958473633533
    - 0.671030375386286
    - 201.18910224889277
- - - -0.9984692939812806
    - 0.03613550383836428
    - 0.04187235769419548
    - 67.54074776910055
  - - -0.0552436971181846
    - -0.6883078320643615
    - -0.7233121471726943
    - 46.65442509210237
  - - 0.0026838228774207617
    - -0.7245181527616865
    - 0.6892504939523484
    - 189.8174433362318
- - - 0.2128671689045547
    - -0.7698484979512044
    - 0.601681692097104
    - 124.55155506621031
  - - 0.9758865539480805
    - 0.13707305671049333
    - -0.16987174852629755
    - -104.69425173029154
  - - 0.048301161744823
    - 0.6233331912599526
    - 0.7804631512427631
    - 66.9431478473911
- - - 0.8612465898280615
    - 0.45228362034334335
    - 0.23171930924861142
    - 7.439024373469998
  - - -0.45989630220860817
    - 0.49966543963920435
    - 0.73405029776236
    - -0.9203780711365623
  - - 0.21621679565746915
    - -0.7387651691838747
    - 0.6383387204896295
    - 200.5706924786377
- - - -0.9715659137038034
    - 0.06689221154701702
    - -0.22712355087758543
    - 61.730832696153776
  - - 0.1059879134760392
    - -0.7349114060586542
    - -0.6698296704699539
    - 13.309557861814199
  - - -0.21172207614202543
    - -0.6748560270748427
    - 0.7069251057890573
    - 225.8461224461381
- - - 0.7588343486934229
    - -0.6143661805813232
    - -0.2161588013497143
    - -8.035056948929178
  - - 0.5997486562538119
    - 0.5297835518222674
    - 0.5996923690862918
    - -96.58998163570732
  - - -0.25391333278261474
    - -0.5847081189589383
    - 0.7704832477469743
    - 222.90376475163364
- - - -0.750369186927451
    - 0.21465117416417195
    - -0.6251967344282751
    - -61.28698056091062
  - - -0.657181242734743
    - -0.14048169391541954
    - 0.7405252918518539
    - 88.809548892687
  - - 0.0711259271113938
    - 0.9665349280313655
    - 0.2464778598331866
    - 48.08024848011384
- - - -0.5817293732397946
    - -0.6696508105572088
    - 0.4616911610915994
    - 121.07666516498851
  - - 0.7958169028899733
    - -0.3512631907035782
    - 0.49324398418161425
    - -19.416006008273893
  - - -0.1681261234450102
    - 0.6543561436838617
    - 0.7372595498456013
    - 112.94178319421775
- - - 0.9873377454100418
    - -0.047791378450037184
    - -0.15126189419170005
    - -43.93486145166662
  - - 0.044446938650578006
    - 0.9986883744099656
    - -0.025416539161982117
    - -100.85392052979986
  - - 0.1522781866624616
    - 0.01837158034100874
    - 0.9881669084231504
    - 133.90878231943992
- - - 0.9884308067007694
    - -0.06874392171014437
    - 0.1351991626925862
    - -35.844964651030054
  - - 0.15127080487619604
    - 0.5116393896211623
    - -0.8457790956155113
    - -104.59306284774988
  - - -0.011031045144257632
    - 0.8564457999289821
    - 0.5161190829905745
    - 44.29838188333984
- - - 0.5608094756993368
    - -0.23963609948414455
    - 0.7925069537801293
    - 84.47837127733965
  - - 0.8239431560894107
    - 0.25553034455071355
    - -0.505788412824192
    - -129.30825193239298
  - - -0.08130441254480732
    - 0.9366316153311389
    - 0.3407503626746787
    - 61.39561757451245
- - - -0.8260661906976994
    - -0.2272042299291326
    - 0.5157449820293959
    - 208.91576821045675
  - - 0.560423792008276
    - -0.23455649548431196
    - 0.7942974403692756
    - 54.451521100512615
  - - -0.059496402725347806
    - 0.9451780193849347
    - 0.3210898468253324
    - 82.84322864803976
- - - -0.9941638686644679
    - -0.0664590604467919
    - 0.08497879457034307
    - 128.24054509038737
  - - 0.10228367803086082
    - -0.33025099501252375
    - 0.9383348706627701
    - 176.6959501399323
  - - -0.034296522426889006
    - 0.9415505687841559
    - 0.3351212839729137
    - 78.37848231811566
- - - -0.9215813022088399
    - 0.1589226451036627
    - -0.3541630927868032
    - -39.89773258044879
  - - -0.36714671720602016
    - -0.06056534025665198
    - 0.928189165851681
    - 150.6288327668928
  - - 0.12606026917273047
    - 0.9854315970339348
    - 0.11416381258195404
    - 58.5022662820435
- - - 0.5471160196253632
    - 0.476920798562991
    - -0.6879030549193237
    - -135.20811071680933
  - - -0.8230143081018856
    - 0.4563952219147069
    - -0.33815802529734573
    - -90.00722169444346
  - - 0.1526810719404153
    - 0.7511657295906571
    - 0.6422137782387273
    - 51.002446085364205
poly_incident_angle_to_radius:
- 0.0
- 833.0902876010675
- -12.400448420758751
- 45.01635744655733
- -94.92410305732285
poly_radius_to_z:
- 838.7789837548886
- 0.0
- -0.0008097038089544919
- 1.3353936723858598e-06
- -1.3586052805769616e-09
principal_point:
- 2001.9614862307358
- 1521.7493860493923
