extrinsics:
- - - 0.9973270383813739
    - -0.065189055393063
    - 0.0330025085470503
    - -24.514042626724407
  - - -0.02304108149753329
    - 0.14803894114435476
    - 0.988713093100462
    - 72.58314642421514
  - - -0.06933892901438546
    - -0.9868307144398266
    - 0.14614121239855513
    - 223.24790186476503
- - - -0.8456132292333525
    - 0.2406665332756173
    - 0.47646394019551735
    - 39.34017457673758
  - - -0.5318768323110931
    - -0.4555048762279417
    - -0.713878381086922
    - 49.84320331518588
  - - 0.04522501294923716
    - -0.8570851343324442
    - 0.5131859026805762
    - 183.08959982638814
- - - 0.9959251604631189
    - 0.08991794939652631
    - 0.006916439317632165
    - -69.35114886710227
  - - -0.09017427040452136
    - 0.9939904708706703
    - 0.06206081513576899
    - -99.56130030232961
  - - -0.0012944935391963263
    - -0.062431612141827325
    - 0.9980484046837856
    - 133.7175335216236
- - - 0.8354941907376388
    - -0.15281816123413053
    - -0.5278220029902863
    - -75.06947784198947
  - - 0.5488149916018158
    - 0.18414316644781345
    - 0.8154099577780929
    - 15.067732031312978
  - - -0.027414635448189614
    - -0.9709469109315876
    - 0.23771944370549644
    - 216.05376224484678
- - - -0.5796289345089709
    - 0.23609800665402575
    - 0.7799282207575199
    - 113.38399652231651
  - - -0.8133920459041741
    - -0.10980754996234544
    - -0.5712579816782334
    - 24.53268149907459
  - - -0.04923086369155832
    - -0.9655050663902609
    - 0.25568787385193026
    - 227.1605841271494
- - - 0.4789797606473777
    - 0.21624813430020134
    - 0.850773256104036
    - 105.94246952844635
  - - -0.8746342416034253
    - 0.0349933999846095
    - 0.4835187745810072
    - 60.9858438389335
  - - 0.07478858405520532
    - -0.9757111285463537
    - 0.20589915329067843
    - 234.94267096321516
- - - 0.9768097177551968
    - 0.1762161731048052
    - 0.12161675721425215
    - -30.920790658888954
  - - -0.13787519813635646
    - 0.08312239146430449
    - 0.9869554689934675
    - 57.60440456380755
  - - 0.1638084400691048
    - -0.9808356276020728
    - 0.10549059952703974
    - 209.40607730187472
- - - 0.6452628464836883
    - -0.23759353184097398
    - -0.7260751838309176
    - -49.9094077691527
  - - 0.7639378587713457
    - 0.2080118552881305
    - 0.6108436919502748
    - -41.43867461431167
  - - 0.00589973589409376
    - -0.9488310606672411
    - 0.3157290158180874
    - 232.69541814601382
poly_incident_angle_to_radius:
- 0.0
- 842.8419184040471
- 3.4792111862079027
- 32.061502271768305
- -92.98820718516876
poly_radius_to_z:
- 849.7720612560905
- 0.0
- -0.0007053336844668091
- 1.0741030363212802e-06
- -1.1470291808602161e-09
principal_point:
- 2001.7093919901442
- 1527.2297040149833
