extrinsics:
- - - 0.024745469366274697
    - -0.19130533083316878
    - 0.9812185954926935
    - 211.53747129779993
  - - 0.9996794967533819
    - -0.0005121820341000985
    - -0.025310895686820444
    - -43.639567143718345
  - - 0.005344671809187325
    - 0.9815304417410476
    - 0.19123134266870645
    - 60.53857578298186
- - - -0.9916257583911996
    - -0.007231651942342638
    - 0.12894207422429455
    - 42.68770162212763
  - - -0.1273953704302704
    - -0.10900263029909277
    - -0.9858442301808198
    - -63.69312251292052
  - - 0.02118430758870337
    - -0.9940151557184954
    - 0.10716853695895595
    - 218.62838644027502
- - - -0.9000228511435703
    - 0.11370469967770974
    - 0.4207494607133803
    - 94.92986634338776
  - - -0.4296714680631494
    - -0.0695997358335459
    - -0.9002990093876359
    - -41.119130081465656
  - - -0.07308417716480257
    - -0.9910737197822883
    - 0.1114970179199483
    - 228.19135428105173
- - - -0.15165932162937618
    - 0.16832854333431901
    - 0.9739943283520001
    - 138.13397091941218
  - - -0.9855184314091602
    - 0.04986319862452771
    - -0.16207122747656066
    - 35.69765674509109
  - - -0.07584768629131373
    - -0.9844689750936173
    - 0.15832866311056024
    - 242.58834667737617
- - - 0.8422549849754811
    - 0.2958775928627111
    - 0.450625110624918
    - -38.125043382530926
  - - -0.536898972644116
    - 0.38530156650264535
    - 0.7505212828589871
    - 66.72816545627654
  - - 0.04843586953534222
    - -0.8740704507603353
    - 0.4833785407421185
    - 267.9051643407286
- - - 0.7693715570992368
    - -0.32839827937821336
    - -0.5479251565936029
    - -64.91012173528267
  - - 0.6372518827321425
    - 0.33485363367935617
    - 0.6941059587455447
    - 3.024890731593326
  - - -0.044468472888503946
    - -0.8831917199074958
    - 0.46689928336398623
    - 244.38684650985434
- - - -0.7854656799295509
    - -0.4300632194218119
    - -0.44507223341088664
    - 34.40130563204123
  - - 0.6151760459132825
    - -0.46368931532656793
    - -0.6376132459308526
    - 7.483927088430955
  - - 0.06783876610985351
    - -0.7746210984426675
    - 0.6287766341556973
    - 227.43214449205078
- - - -0.8018972995006702
    - 0.2424671147300646
    - 0.5460498322754164
    - 71.54526176881268
  - - -0.5944160212511101
    - -0.23160496567389588
    - -0.7700835886806009
    - 6.505283326823406
  - - -0.06025209318797477
    - -0.9421087188587479
    - 0.3298497341469239
    - 311.68011159485997
- - - -0.008171482972609103
    - 0.7517525898850536
    - 0.6593946242328205
    - -28.842573167953795
  - - -0.9978473371271013
    - -0.0490388488179672
    - 0.043541739686906604
    - 77.44215071609385
  - - 0.06506856886686646
    - -0.6576193693221963
    - 0.7505350401133151
    - 255.30150712613494
- - - 0.8248470826388817
    - -0.33908103227844794
    - -0.4523840667078222
    - -33.83659017167532
  - - 0.5653268961735601
    - 0.5027942855095335
    - 0.6539139139991794
    - -48.39610096478685
  - - 0.005726318616174645
    - -0.7951238645695018
    - 0.6064200270993416
    - 251.21901322667233
- - - -0.913695381924155
    - 0.14727303756424054
    - -0.3787761891369022
    - -30.202283616172384
  - - 0.15312568294193366
    - -0.7385811969232328
    - -0.656544241293008
    - 44.459492081639475
  - - -0.37644823584928494
    - -0.6578818039420505
    - 0.6522869443488155
    - 264.28654503699266
- - - -0.901531549872455
    - -0.14070159427269222
    - 0.4091991275084686
    - 153.7543807275121
  - - 0.4250995125819864
    - -0.11136789359291041
    - 0.898269222827564
    - 138.8307492696886
  - - -0.08081626684725556
    - 0.9837683943112836
    - 0.16021384886167708
    - 72.43602231112365
- - - -0.9686056139304348
    - -0.07760502461684116
    - -0.2361792218139973
    - 75.2712349343736
  - - -0.21304494244562575
    - -0.23049368459363226
    - 0.949465383181921
    - 167.89584426283704
  - - -0.12812110349503641
    - 0.9699742891008352
    - 0.2067241188699169
    - 69.25614019560926
poly_incident_angle_to_radius:
- 0.0
- 835.4056833075937
- 60.06413132535589
- -70.86558798555443
- -42.60389161610192
poly_radius_to_z:
- 846.9075843684792
- 0.0
- -0.0005955416724418779
- 8.059698854883043e-07
- -9.93869025764414e-10
principal_point:
- 1982.1538651865274
- 1517.6961800138256
