extrinsics:
- - - -0.9990052275220379
    - 0.03980732760175954
    - 0.020098060922580402
    - 53.769346142139014
  - - 0.02652166187295984
    - 0.16806631110345568
    - 0.9854188533428682
    - 102.88351703579163
  - - 0.03584908416037918
    - 0.9849716197643883
    - -0.16895487984541718
    - 44.57593847111583
- - - -0.5961821877564445
    - -0.16566588246735614
    - 0.7855708843817037
    - 238.19808397769424
  - - 0.7808212138530974
    - 0.10798860523451553
    - 0.6153508699404588
    - 9.832329444051789
  - - -0.1867753490129665
    - 0.980251639389507
    - 0.0649745525207251
    - 81.54480907147314
- - - -0.8766258237267252
    - -0.18064428939510516
    - 0.44597623914775814
    - 175.27250249357718
  - - 0.44498433080868843
    - 0.04828848549521876
    - 0.8942355212712823
    - 79.6048463210899
  - - -0.18307405744721097
    - 0.9823623887738758
    - 0.03805294485712974
    - 63.737552588972264
- - - -0.9991665015518012
    - -0.0030902758658580306
    - 0.04070322311324897
    - 59.179311747876746
  - - 0.0393012175473908
    - -0.3423205380651674
    - 0.9387609192537081
    - 98.72509731593163
  - - 0.01103251902453353
    - 0.9395781497107344
    - 0.34215666603198913
    - 82.2802918192163
- - - -0.4565722266364818
    - 0.4297212705934934
    - -0.7790259504430637
    - -64.73726562935141
  - - -0.8775133117309956
    - -0.07315728961282074
    - 0.4739392352521646
    - 85.52819066298673
  - - 0.14667034328420267
    - 0.8999931336271512
    - 0.4104877218929632
    - 83.8895725825422
- - - 0.6989007195222386
    - 0.31231669899656594
    - -0.6434252588911832
    - -98.9369148779109
  - - -0.7098948129528092
    - 0.4124811849835505
    - -0.570884074552148
    - -19.37835068714767
  - - 0.0871041835619466
    - 0.8557555442779523
    - 0.5099954015905952
    - 82.08612093382611
- - - 0.9005194175541814
    - -0.26116600979032656
    - 0.34764506891091806
    - -35.31106680175866
  - - 0.43457303179566764
    - 0.5138691011662176
    - -0.7396518281614297
    - -99.21385914811222
  - - 0.014527857508919623
    - 0.8171480050742476
    - 0.5762448083578523
    - 95.53332930616591
- - - -0.17678241716751122
    - -0.38876539816953104
    - 0.9042175856321853
    - 120.53648099209771
  - - 0.9580715970496547
    - 0.14250234048169813
    - 0.24857976161377662
    - -72.25390685444216
  - - -0.22549233225796367
    - 0.9102497174640176
    - 0.34727317769954524
    - 136.7068597539594
- - - 0.9952911583958967
    - 0.025926828156929132
    - -0.09339865952290258
    - -63.14473435451026
  - - 0.020435126089769183
    - 0.8857820224661898
    - 0.4636513930717796
    - -111.47393714819354
  - - 0.09475186352072051
    - -0.46337674548624885
    - 0.8810811972241399
    - 204.28394812166079
- - - 0.8297511151131713
    - 0.3058899531213038
    - -0.4668451815622556
    - -103.07196439215666
  - - -0.5378689946212415
    - 0.6615836645564811
    - -0.5224978463277649
    - -45.74354243127165
  - - 0.14903030427931066
    - 0.6846447190853544
    - 0.7134785049564927
    - 90.96504894560731
- - - -0.7837988432994498
    - 0.4700519779162488
    - 0.4058454278410279
    - -14.377379894246904
  - - -0.6181533959685968
    - -0.6531941996432641
    - -0.4372913406470416
    - 104.19245154707215
  - - 0.05954621982070819
    - -0.5936231764422764
    - 0.8025370845609849
    - 191.80928976712238
- - - -0.9448704594158521
    - 0.03191005307807401
    - -0.3258858134927489
    - -12.561221812335528
  - - -0.3205866703439634
    - 0.11246683179423994
    - 0.9405186859089705
    - 117.56971983820466
  - - 0.06666334615849372
    - 0.9931429707039772
    - -0.09603664935967
    - 42.46194665007589
- - - -0.999023906561265
    - 0.004970031317380462
    - -0.04389228756596457
    - 45.69834693396606
  - - -0.007926388220526513
    - -0.9976918522172661
    - 0.06743990205403987
    - 82.34887370811832
  - - -0.04345579925449041
    - 0.06772198171927082
    - 0.996757406144127
    - 126.36462452097356
- - - -0.6256587735778897
    - 0.25348761582033436
    - -0.7377635987704552
    - -79.92123787628225
  - - -0.767955336783435
    - -0.03393263582239469
    - 0.6396039219172953
    - 72.30766829571267
  - - 0.13709740971605333
    - 0.9667432983227076
    - 0.21589741869063953
    - 35.850840087858884
- - - -0.04410518731004281
    - 0.35333745458067467
    - -0.9344556573978222
    - -103.76368980916516
  - - -0.9952749768139837
    - 0.06544844570082933
    - 0.07172322833831225
    - 33.16106109740059
  - - 0.08650117328840187
    - 0.9332036991706559
    - 0.34878131095850673
    - 41.46592961559942
- - - 0.4873329611236813
    - 0.2886792295427667
    - -0.8241182484528657
    - -102.09219624593693
  - - -0.8720769115563641
    - 0.20909377810845609
    - -0.4424496042337994
    - -20.144648091675414
  - - 0.04459198731541766
    - 0.9343147726472735
    - 0.3536487809682587
    - 37.09067106795937
- - - 0.9420911966161398
    - 0.11003934851467323
    - -0.31678939224165353
    - -70.59067995088373
  - - -0.334096886617896
    - 0.38976950850217185
    - -0.8581718945492242
    - -68.5163991735494
  - - 0.029042169522931517
    - 0.9143145366997301
    - 0.4039622264135093
    - 38.831653721869266
- - - 0.9531322935667708
    - -0.08222743645316415
    - 0.291165725411642
    - -12.973443171783495
  - - 0.2957379476631578
    - 0.45632478117126857
    - -0.8392298614807372
    - -110.5261832925486
  - - -0.06385841582853617
    - 0.886005836765952
    - 0.45925565858738754
    - 52.6200608370697
- - - 0.5272743902791329
    - -0.2724024148490196
    - 0.8048469679014711
    - 72.58333529241317
  - - 0.845402957609735
    - 0.2632709985085919
    - -0.4647388735720326
    - -130.7171334433386
  - - -0.0852968734507981
    - 0.9254649132888353
    - 0.3691058623901916
    - 56.51037674835349
- - - -0.3976627024390015
    - -0.267523733950797
    - 0.8776647576734147
    - 265.83534366719914
  - - 0.8990790034970009
    - 0.07725986261158754
    - 0.43091514141426857
    - -92.67425950161218
  - - -0.1830882862439612
    - 0.9604488353901325
    - 0.20980160637608952
    - 83.27542793823667
poly_incident_angle_to_radius:
- 0.0
- 933.9098608328186
- -28.781939136114357
- 50.98317699880583
- -99.86126460030917
poly_radius_to_z:
- 939.3068801291349
- 0.0
- -0.000794969157833468
- 1.1946989798264157e-06
- -1.04774078421088e-09
principal_point:
- 2268.129652021922
- 1765.2852271396407
